
strategic_region={
	id=145
	name="Neutral Territory"
	provinces={
		11 35 46 49 58 61 69 77 101 109 113 114 118 125 130 145 147 148 151 156 161 168 171 182 184 190 202 205 211 242 285 295 299 303 329 337 363 369 383 408 636 650 658 661 663 724 799 844 845 877 889 924 938 970 980 1057 1273 1326 1449 1498 1511 1540 1550 1552 1555 1557 1568 1594 1596 1613 1624 1626 1633 1635 1639 1641 1654 1887 1903 1937 1944 1959 1981 1988 1997 2007 2023 2031 2047 2052 2075 2079 2085 2106 2115 2120 2123 2126 2133 2136 2149 2152 2156 2158 2159 2160 2161 2162 2169 2170 2172 2173 2174 2177 2179 2180 2182 2186 2193 2194 2195 2199 2201 2202 2205 2208 2209 2210 2212 2215 2217 2221 2223 2224 2225 2226 3003 3005 3039 3044 3045 3054 3062 3063 3070 3095 3100 3104 3106 3108 3111 3113 3118 3128 3138 3141 3148 3162 3173 3179 3182 3191 3229 3286 3307 3342 3359 3375 3386 3396 3612 3641 3660 3662 3790 3798 3846 3861 3866 3886 3892 3926 3969 4124 4189 4457 4476 4526 4573 4598 4600 4602 4611 4624 4641 4643 4645 4735 4786 4892 4942 4969 4991 4994 5000 5023 5026 5031 5051 5056 5064 5088 5118 5120 5121 5125 5131 5138 5143 5146 5152 5155 5158 5159 5162 5163 5164 5165 5166 5169 5170 5171 5173 5177 5179 5184 5188 5190 5191 5192 5198 5201 5202 5206 5209 5211 5212 5213 5215 5219 5228 5229 5230 5317 6010 6023 6024 6028 6050 6055 6063 6067 6074 6083 6084 6093 6120 6123 6125 6126 6127 6129 6132 6147 6148 6152 6155 6161 6164 6165 6168 6170 6185 6188 6195 6200 6206 6207 6208 6209 6258 6289 6310 6311 6313 6331 6345 6397 6405 6406 6412 6666 6683 6818 6880 6884 6921 6924 6933 6941 6986 6996 6999 7048 7377 7394 7424 7451 7500 7546 7548 7550 7579 7590 7608 7610 7621 7622 7623 7630 7632 7660 7915 7936 7959 7968 7991 7993 8006 8017 8024 8038 8047 8050 8054 8056 8075 8080 8086 8113 8121 8128 8134 8138 8149 8152 8155 8157 8160 8161 8169 8176 8187 8191 8192 8194 8195 8198 8199 8202 8203 8206 8208 8211 8213 8215 8216 8217 8218 8219 8222 8225 8229 8231 8237 8238 8240 8244 8245 8248 8249 8251 8252 8253 8255 8913 9035 9051 9054 9066 9068 9083 9088 9093 9095 9108 9109 9117 9134 9138 9141 9143 9147 9148 9149 9151 9154 9171 9173 9175 9178 9182 9185 9186 9193 9209 9211 9218 9220 9226 9229 9251 9255 9279 9284 9300 9303 9308 9310 9321 9329 9362 9369 9393 9405 9406 9410 9587 9600 9618 9620 9622 9638 9765 9787 9817 9819 9869 10336 10347 10362 10374 10375 10390 10402 10418 10473 10482 10484 10494 10498 10502 10515 10728 10736 10747 10767 10771 10780 10790 10792 10823 10842 10846 10849 10855 10864 10879 10886 10888 10912 10924 10935 10936 10938 10940 10941 10942 10943 10944 10950 10952 10953 10955 10961 10964 10965 10966 10970 10971 10972 10973 10975 10979 10981 10982 10985 10986 10987 10991 10992 10996 11000 11001 11005 11007 11009 11013 11020 11021 11022 11023 11026 11040 11044 11049 11052 11053 11058 11060 11067 11069 11070 11073 11082 11091 11102 11112 11114 11116 11120 11123 11129 11147 11148 11152 11155 11160 11163 11185 11187 11188 11190 11197 11201 11208 11209 11215 11231 11237 11238 11267 11278 11280 11287 11289 11293 11303 11311 11327 11334 11371 11376 11380 11390 11590 11601 11604 11623 11673 11768 11805 12178 12186 12190 12206 12306 12321 12323 12336 12347 12349 12351 12364 12379 12391 12394 12409 12440 12453 12468 12481 12494 12496 12703 12729 12738 12747 12770 12772 12790 12798 11885 12819 12823 12825 12845 12865 12869 12872 12878 12891 12901 12902 12904 12906 12912 12914 12915 12916 12917 12920 12922 12926 12928 12930 12934 12935 12936 12942 12943 12946 12949 12950 12952 12953 12954 12958 12964 12969 12970 12971 12973 12978 12979 12981 12982 12983 12984 12985 12992 12993 12994 12997 12998 13000 13001 13015 13085 13086 13087 13092 13093 13095 13096 13097 13098 13099 13117 13119 13124 13132 13134 13139 13174 13175 13178 13195
	}
	weather={
		period={
			between={ 0.0 30.0 }
			temperature={ -7.0 10.0 }
			no_phenomenon=0.700
			rain_light=0.200
			rain_heavy=0.080
			snow=0.020
			blizzard=0.000
			arctic_water=0.000
			mud=1.000
			sandstorm=0.000
			min_snow_level=0.000
		}
		period={
			between={ 0.1 27.1 }
			temperature={ -6.0 10.0 }
			no_phenomenon=0.700
			rain_light=0.200
			rain_heavy=0.080
			snow=0.020
			blizzard=0.000
			arctic_water=0.000
			mud=1.000
			sandstorm=0.000
			min_snow_level=0.000
		}
		period={
			between={ 0.2 30.2 }
			temperature={ -2.0 14.0 }
			no_phenomenon=0.700
			rain_light=0.200
			rain_heavy=0.100
			snow=0.000
			blizzard=0.000
			arctic_water=0.000
			mud=1.000
			sandstorm=0.000
			min_snow_level=0.000
		}
		period={
			between={ 0.3 29.3 }
			temperature={ 1.0 16.0 }
			no_phenomenon=0.650
			rain_light=0.250
			rain_heavy=0.100
			snow=0.000
			blizzard=0.000
			arctic_water=0.000
			mud=1.000
			sandstorm=0.000
			min_snow_level=0.000
		}
		period={
			between={ 0.4 30.4 }
			temperature={ 3.0 19.0 }
			no_phenomenon=0.650
			rain_light=0.250
			rain_heavy=0.100
			snow=0.000
			blizzard=0.000
			arctic_water=0.000
			mud=1.000
			sandstorm=0.000
			min_snow_level=0.000
		}
		period={
			between={ 0.5 29.5 }
			temperature={ 8.0 23.0 }
			no_phenomenon=0.700
			rain_light=0.200
			rain_heavy=0.100
			snow=0.000
			blizzard=0.000
			arctic_water=0.000
			mud=1.000
			sandstorm=0.000
			min_snow_level=0.000
		}
		period={
			between={ 0.6 30.6 }
			temperature={ 11.0 26.0 }
			no_phenomenon=0.800
			rain_light=0.150
			rain_heavy=0.050
			snow=0.000
			blizzard=0.000
			arctic_water=0.000
			mud=1.000
			sandstorm=0.000
			min_snow_level=0.000
		}
		period={
			between={ 0.7 30.7 }
			temperature={ 12.0 26.0 }
			no_phenomenon=0.850
			rain_light=0.100
			rain_heavy=0.050
			snow=0.000
			blizzard=0.000
			arctic_water=0.000
			mud=1.000
			sandstorm=0.000
			min_snow_level=0.000
		}
		period={
			between={ 0.8 29.8 }
			temperature={ 8.0 22.0 }
			no_phenomenon=0.850
			rain_light=0.100
			rain_heavy=0.050
			snow=0.000
			blizzard=0.000
			arctic_water=0.000
			mud=1.000
			sandstorm=0.000
			min_snow_level=0.000
		}
		period={
			between={ 0.9 30.9 }
			temperature={ 3.0 17.0 }
			no_phenomenon=0.750
			rain_light=0.150
			rain_heavy=0.100
			snow=0.000
			blizzard=0.000
			arctic_water=0.000
			mud=1.000
			sandstorm=0.000
			min_snow_level=0.000
		}
		period={
			between={ 0.10 29.10 }
			temperature={ -3.0 13.0 }
			no_phenomenon=0.650
			rain_light=0.250
			rain_heavy=0.100
			snow=0.000
			blizzard=0.000
			arctic_water=0.000
			mud=1.000
			sandstorm=0.000
			min_snow_level=0.000
		}
		period={
			between={ 0.11 30.11 }
			temperature={ -7.0 10.0 }
			no_phenomenon=0.650
			rain_light=0.250
			rain_heavy=0.800
			snow=0.020
			blizzard=0.000
			arctic_water=0.000
			mud=1.000
			sandstorm=0.000
			min_snow_level=0.000
		}
	}
}
