
state={
	id=262
	name="Siberian Wastes"

	history={
		owner = SOV
		buildings = {
			infrastructure = 2
		}
		add_core_of = SOV

	}

	provinces={
		6 96 99 105 108 154 186 198 1295 1307 1659 1664 1674 1679 1684 1697 1718 1722 1726 1729 1741 1744 1757 1765 1768 1780 1784 1792 1812 1824 1828 1837 1852 1856 2853 2900 2923 2972 3000 3147 3155 3169 3184 3336 3415 4298 4669 4681 4687 4692 4703 4710 4715 4730 4733 4737 4743 4746 4761 4767 4771 4774 4785 4812 4817 4827 4831 4842 4846 4859 4874 6016 6040 6085 6121 6177 6192 6202 6538 7318 7330 7655 7685 7689 7701 7707 7712 7726 7733 7738 7750 7765 7768 7781 7789 7793 7796 7805 7809 7817 7824 7828 7837 7849 7861 7863 7867 7882 7895 7898 8461 9099 9121 9142 9145 9205 9224 9225 9230 10207 10216 10529 10533 10536 10544 10551 10557 10561 10564 10576 10579 10589 10592 10604 10607 10613 10617 10620 10628 10631 10635 10641 10663 10673 10677 10686 10688 10692 10705 10723 11047 11098 11119 11122 11179 11182 11200 11203 11261 11328 12174 12393 12502 12510 12514 12517 12530 12531 12536 12542 12545 12555 12558 12574 12595 12599 12602 12608 12611 12615 12630 12639 12643 12655 12659 12666 12668 12672 12681 12687 12700 13059 13060 13064 13065 13076 
	}
	manpower=1761496
	buildings_max_level_factor=1.000
	state_category=wasteland
	local_supplies=0.010
}
