
state={
	id=278
	name="Neutral Territory"

	history={

	}

	provinces={
		285 303 337 369 636 650  658 661 663 724 785 799 804 844 845 856 864 877 889 890 904 909 924 928 938 947 970 980 1005 1057 1114 1119 1196 1273 1326 1449 1463 1474 1550 1552 1555 1568 1594 1596 1613 1624 1626 1633 1635 1639 1641 1654 1877 1887 1903 1937 1944 1959 1981 1988 1997 2007 2017 2023 2031 2047 2052 2075 2079 2085 2106 2115 2120 2123 2126 2136 2149 2152 2156 2158 2159 2160 2161 2162 2169 2170 2172 2173 2174 2179 2180 2182 2193 2194 2195 2199 2202 2208 2209 2210 2212 2215 2217 2224 2225 2226 3118 3342 3359 3396 3612 3641 3660 3662  3790 3798 3846 3856 3861 3862 3866 3879 3886 3892 3905 3907 3926 3927 3951 3969 3982 4041 4124 4189 4192 4457 4476 4504 4526 4573 4598 4600 4602 4611 4624 4641 4643 4735 4786 4892 4896 4942 4969 4991 4994 5000 5009 5026 5030 5031 5051 5056 5064 5081 5088 5118 5120 5121 5131 5143 5146 5152 5155 5158 5159 5162 5163 5164 5165 5166 5169 5171 5173 5177 5179 5184 5188 5190 5191 5192 5201 5202 5209 5212 5213 5215 5219 5228 5229 5230 5317 6289 6313 6405 6666 6683 6808 6818 6864 6871 6877 6880 6884 6908 6921 6924 6925 6933 6935 6941 6945 6986 6992 6996 6999 7019 7048 7101 7201 7294 7377 7394 7406 7424 7434 7451 7470 7500 7530 7546 7548 7550 7577 7590 7606 7609 7621 7622 7630 7632 7660 7915 7936 7948 7959 7968 7991 7993 8006 8017 8024 8047 8050 8054 8056 8072 8075 8080 8086 8095 8113 8121 8128 8138 8149 8157 8160 8161 8169 8176 8187 8191 8192 8194 8195 8198 8199 8202 8203 8208 8211 8213 8215 8216 8217 8218 8219 8222 8225 8229 8231 8238 8240 8244 8245 8248 8251 8252 8253 8255 8913 9255 9284 9303 9310 9321 9369 9405 9587 9600 9618 9620 9622 9638 9765 9787 9799 9806 9811 9817 9819 9858 9861 9869 9887 9901 9939 10056 10127 10347 10362 10374 10375 10390 10402 10418 10472 10482 10484 10494 10498 10502 10515 10597 10623 10728 10736 10747 10767 10771 10776 10780 10790 10792 10819 10823 10842 10846 10849 10855 10864 10879 10886 10888 10912 10924 10935 10938 10940 10942 10943 10944 10952 10953 10961 10964 10965 10966 10970 10972 10973 10975 10981 10982 10985 10986 10987 10992 10996 11000 11001 11005 11007 11009 11020 11021 11022 11023 11237 11238 11267 11287 11293 11303 11334 11371 11590 11601 11604 11623 11673 11768 11784 11792 11805 11810 11811 11842 11844 11848 11853 11865 11866 11867 11885 11898 11907 12013 12096 12178 12186 12190 12206 12306 12318 12321 12336 12347 12349 12351 12364 12376 12379 12387 12391 12394 12409 12414 12440 12453 12468 12481 12494 12496 12579 12703 12729 12738 12747 12770 12772 12790 12798 12807 12819 12823 12825 12841 12845 12865 12869 12872 12878 12891 12901 12902 12914 12916 12917 12920 12922 12928 12930 12935 12942 12943 12946 12950 12952 12953 12954 12958 12964 12969 12970 12971 12973 12978 12979 12981 12982 12983 12984 12985 12994 12997 12998 13000 13001 13015 13085 13086 13087 13092 13093 13121 13122 13124 13134 13139 13174 13175 13178 13195 
	}
	manpower=1
	buildings_max_level_factor=1.000
	state_category=wasteland
	local_supplies=0.000
}
